336.0,165.0,25.0,60.0
339.0,163.0,25.0,60.0
339.0,162.0,25.0,60.0
339.0,162.0,25.0,60.0
335.0,160.0,25.0,60.0
335.0,160.0,25.0,60.0
335.0,159.0,25.0,60.0
333.0,159.0,25.0,60.0
332.0,160.0,25.0,60.0
332.0,160.0,25.0,60.0
331.0,161.0,25.0,60.0
331.0,162.0,25.0,60.0
331.0,161.0,25.0,60.0
330.0,160.0,25.0,60.0
329.0,160.0,25.0,60.0
329.0,159.0,25.0,60.0
329.0,159.0,25.0,60.0
329.0,159.0,25.0,60.0
328.0,160.0,25.0,60.0
328.0,160.0,25.0,60.0
328.0,158.0,25.0,60.0
332.0,160.0,25.0,60.0
328.0,160.0,25.0,60.0
329.0,157.0,25.0,60.0
332.0,157.0,25.0,60.0
332.0,157.0,25.0,60.0
329.0,156.0,25.0,60.0
330.0,156.0,25.0,60.0
330.0,153.0,25.0,60.0
331.0,152.0,25.0,60.0
329.0,152.0,25.0,60.0
330.0,153.0,25.0,60.0
331.0,152.0,25.0,60.0
333.0,152.0,25.0,60.0
333.0,150.0,25.0,60.0
333.0,150.0,25.0,60.0
333.0,150.0,25.0,60.0
332.0,152.0,25.0,60.0
333.0,151.0,25.0,60.0
333.0,151.0,25.0,60.0
336.0,150.0,25.0,60.0
333.0,150.0,25.0,60.0
332.0,150.0,25.0,60.0
333.0,151.0,25.0,60.0
333.0,150.0,25.0,60.0
333.0,150.0,25.0,60.0
334.0,150.0,25.0,60.0
333.0,150.0,25.0,60.0
333.0,151.0,25.0,60.0
333.0,151.0,25.0,60.0
336.0,150.0,25.0,60.0
335.0,150.0,25.0,60.0
336.0,149.0,25.0,60.0
338.0,150.0,25.0,60.0
338.0,150.0,25.0,60.0
340.0,150.0,25.0,60.0
339.0,150.0,25.0,60.0
339.0,151.0,25.0,60.0
339.0,151.0,25.0,60.0
338.0,151.0,25.0,60.0
337.0,152.0,25.0,60.0
337.0,152.0,25.0,60.0
333.0,149.0,25.0,60.0
332.0,150.0,25.0,60.0
332.0,148.0,25.0,60.0
330.0,147.0,25.0,60.0
330.0,147.0,25.0,60.0
329.0,149.0,25.0,60.0
327.0,148.0,25.0,60.0
324.0,149.0,25.0,60.0
324.0,148.0,25.0,60.0
324.0,150.0,25.0,60.0
323.0,149.0,25.0,60.0
324.0,149.0,25.0,60.0
324.0,149.0,25.0,60.0
325.0,150.0,25.0,60.0
325.0,150.0,25.0,60.0
324.0,150.0,25.0,60.0
324.0,150.0,25.0,60.0
324.0,152.0,25.0,60.0
323.0,151.0,25.0,60.0
326.0,152.0,25.0,60.0
325.0,152.0,25.0,60.0
324.0,150.0,25.0,60.0
323.0,150.0,25.0,60.0
325.0,150.0,25.0,60.0
327.0,152.0,25.0,60.0
327.0,152.0,25.0,60.0
327.0,151.0,25.0,60.0
327.0,151.0,25.0,60.0
329.0,154.0,25.0,60.0
329.0,153.0,25.0,60.0
332.0,153.0,25.0,60.0
333.0,152.0,25.0,60.0
333.0,151.0,25.0,60.0
335.0,152.0,25.0,60.0
337.0,152.0,25.0,60.0
340.0,152.0,25.0,60.0
340.0,152.0,25.0,60.0
338.0,150.0,25.0,60.0
339.0,153.0,25.0,60.0
342.0,153.0,25.0,60.0
342.0,153.0,25.0,60.0
342.0,153.0,25.0,60.0
342.0,152.0,25.0,60.0
342.0,152.0,25.0,60.0
343.0,154.0,25.0,60.0
346.0,154.0,25.0,60.0
347.0,154.0,25.0,60.0
347.0,153.0,25.0,60.0
348.0,153.0,25.0,60.0
349.0,154.0,25.0,60.0
353.0,154.0,25.0,60.0
357.0,155.0,25.0,60.0
358.0,156.0,25.0,60.0
359.0,155.0,25.0,60.0
362.0,156.0,25.0,60.0
365.0,156.0,25.0,60.0
369.0,159.0,25.0,60.0
371.0,157.0,25.0,60.0
369.0,156.0,25.0,60.0
368.0,156.0,25.0,60.0
371.0,159.0,25.0,60.0
373.0,158.0,25.0,60.0
374.0,159.0,25.0,60.0
372.0,159.0,25.0,60.0
371.0,157.0,25.0,60.0
374.0,159.0,25.0,60.0
373.0,159.0,25.0,60.0
375.0,160.0,25.0,60.0
375.0,160.0,25.0,60.0
379.0,162.0,25.0,60.0
379.0,162.0,25.0,60.0
382.0,162.0,25.0,60.0
384.0,163.0,25.0,60.0
384.0,162.0,25.0,60.0
385.0,162.0,25.0,60.0
387.0,163.0,25.0,60.0
388.0,164.0,25.0,60.0
391.0,165.0,25.0,60.0
394.0,165.0,25.0,60.0
395.0,168.0,25.0,60.0
394.0,167.0,25.0,60.0
398.0,168.0,25.0,60.0
401.0,171.0,25.0,60.0
404.0,171.0,25.0,60.0
405.0,171.0,25.0,60.0
405.0,171.0,25.0,60.0
410.0,171.0,25.0,60.0
412.0,170.0,25.0,60.0
414.0,170.0,25.0,60.0
414.0,170.0,25.0,60.0
414.0,170.0,25.0,60.0
414.0,169.0,25.0,60.0
414.0,168.0,25.0,60.0
416.0,169.0,25.0,60.0
416.0,167.0,25.0,60.0
416.0,167.0,25.0,60.0
414.0,167.0,25.0,60.0
414.0,167.0,25.0,60.0
414.0,169.0,25.0,60.0
417.0,169.0,25.0,60.0
417.0,169.0,25.0,60.0
417.0,169.0,25.0,60.0
419.0,170.0,25.0,60.0
422.0,170.0,25.0,60.0
431.0,172.0,25.0,60.0
434.0,174.0,25.0,60.0
440.0,174.0,25.0,60.0
446.0,174.0,25.0,60.0
450.0,174.0,25.0,60.0
452.0,173.0,25.0,60.0
455.0,172.0,25.0,60.0
456.0,169.0,25.0,60.0
458.0,169.0,25.0,60.0
463.0,169.0,25.0,60.0
466.0,168.0,25.0,60.0
468.0,166.0,25.0,60.0
467.0,165.0,25.0,60.0
466.0,163.0,25.0,60.0
467.0,163.0,25.0,60.0
468.0,163.0,25.0,60.0
469.0,163.0,25.0,60.0
471.0,164.0,25.0,60.0
471.0,163.0,25.0,60.0
471.0,166.0,25.0,60.0
472.0,166.0,25.0,60.0
471.0,167.0,25.0,60.0
474.0,168.0,25.0,60.0
474.0,168.0,25.0,60.0
470.0,169.0,25.0,60.0
468.0,171.0,25.0,60.0
464.0,170.0,25.0,60.0
464.0,171.0,25.0,60.0
461.0,171.0,25.0,60.0
458.0,170.0,25.0,60.0
456.0,170.0,25.0,60.0
457.0,169.0,25.0,60.0
456.0,170.0,25.0,60.0
457.0,169.0,25.0,60.0
455.0,167.0,25.0,60.0
456.0,167.0,25.0,60.0
455.0,166.0,25.0,60.0
457.0,166.0,25.0,60.0
458.0,166.0,25.0,60.0
457.0,163.0,25.0,60.0
456.0,162.0,25.0,60.0
455.0,160.0,25.0,60.0
454.0,160.0,25.0,60.0
452.0,160.0,25.0,60.0
452.0,160.0,25.0,60.0
452.0,160.0,25.0,60.0
451.0,159.0,25.0,60.0
450.0,159.0,25.0,60.0
447.0,160.0,25.0,60.0
449.0,159.0,25.0,60.0
450.0,156.0,25.0,60.0
451.0,155.0,25.0,60.0
449.0,155.0,25.0,60.0
450.0,155.0,25.0,60.0
451.0,156.0,25.0,60.0
452.0,156.0,25.0,60.0
453.0,155.0,25.0,60.0
453.0,155.0,25.0,60.0
452.0,154.0,25.0,60.0
453.0,153.0,25.0,60.0
453.0,153.0,25.0,60.0
454.0,150.0,25.0,60.0
454.0,148.0,25.0,60.0
453.0,147.0,25.0,60.0
453.0,146.0,25.0,60.0
455.0,147.0,25.0,60.0
456.0,147.0,25.0,60.0
459.0,146.0,25.0,60.0
462.0,146.0,25.0,60.0
469.0,144.0,25.0,60.0
472.0,144.0,25.0,60.0
477.0,144.0,25.0,60.0
483.0,144.0,25.0,60.0
496.0,139.0,25.0,60.0
504.0,135.0,25.0,60.0
507.0,134.0,25.0,60.0
511.0,133.0,25.0,60.0
520.0,133.0,25.0,60.0
527.0,132.0,25.0,60.0
529.0,132.0,25.0,60.0
533.0,130.0,25.0,60.0
535.0,125.0,25.0,60.0
534.0,126.0,25.0,60.0
535.0,126.0,25.0,60.0
535.0,124.0,25.0,60.0
535.0,124.0,25.0,60.0
532.0,122.0,25.0,60.0
533.0,121.0,25.0,60.0
528.0,120.0,25.0,60.0
525.0,123.0,25.0,60.0
526.0,123.0,25.0,60.0
524.0,123.0,25.0,60.0
521.0,122.0,25.0,60.0
519.0,122.0,25.0,60.0
517.0,120.0,25.0,60.0
515.0,123.0,25.0,60.0
511.0,123.0,25.0,60.0
509.0,118.0,25.0,60.0
507.0,117.0,25.0,60.0
506.0,113.0,25.0,60.0
504.0,112.0,25.0,60.0
501.0,112.0,25.0,60.0
500.0,113.0,25.0,60.0
498.0,110.0,25.0,60.0
496.0,105.0,25.0,60.0
493.0,102.0,25.0,60.0
493.0,101.0,25.0,60.0
488.0,99.0,25.0,60.0
486.0,96.0,25.0,60.0
486.0,94.0,25.0,60.0
486.0,93.0,25.0,60.0
485.0,90.0,25.0,60.0
484.0,90.0,25.0,60.0
485.0,91.0,25.0,60.0
485.0,92.0,25.0,60.0
487.0,90.0,25.0,60.0
487.0,88.0,25.0,60.0
489.0,87.0,25.0,60.0
489.0,87.0,25.0,60.0
490.0,89.0,25.0,60.0
490.0,88.0,25.0,60.0
491.0,87.0,25.0,60.0
493.0,86.0,25.0,60.0
494.0,84.0,25.0,60.0
493.0,82.0,25.0,60.0
493.0,82.0,25.0,60.0
492.0,83.0,25.0,60.0
492.0,83.0,25.0,60.0
492.0,83.0,25.0,60.0
492.0,84.0,25.0,60.0
490.0,84.0,25.0,60.0
487.0,86.0,25.0,60.0
486.0,86.0,25.0,60.0
482.0,88.0,25.0,60.0
480.0,86.0,25.0,60.0
477.0,85.0,25.0,60.0
471.0,85.0,25.0,60.0
467.0,85.0,25.0,60.0
462.0,86.0,25.0,60.0
458.0,89.0,25.0,60.0
454.0,88.0,25.0,60.0
451.0,90.0,25.0,60.0
444.0,91.0,25.0,60.0
442.0,90.0,25.0,60.0
441.0,92.0,25.0,60.0
439.0,93.0,25.0,60.0
438.0,93.0,25.0,60.0
436.0,93.0,25.0,60.0
437.0,91.0,25.0,60.0
435.0,93.0,25.0,60.0
432.0,91.0,25.0,60.0
432.0,93.0,25.0,60.0
432.0,94.0,25.0,60.0
431.0,98.0,25.0,60.0
432.0,96.0,25.0,60.0
432.0,96.0,25.0,60.0
430.0,95.0,25.0,60.0
431.0,96.0,25.0,60.0
430.0,97.0,25.0,60.0
429.0,95.0,25.0,60.0
428.0,94.0,25.0,60.0
426.0,93.0,25.0,60.0
425.0,91.0,25.0,60.0
422.0,93.0,25.0,60.0
420.0,95.0,25.0,60.0
417.0,93.0,25.0,60.0
415.0,90.0,25.0,60.0
415.0,90.0,25.0,60.0
411.0,92.0,25.0,60.0
410.0,93.0,25.0,60.0
410.0,91.0,25.0,60.0
408.0,91.0,25.0,60.0
403.0,90.0,25.0,60.0
401.0,89.0,25.0,60.0
398.0,93.0,25.0,60.0
397.0,93.0,25.0,60.0
394.0,90.0,25.0,60.0
391.0,89.0,25.0,60.0
386.0,89.0,25.0,60.0
381.0,90.0,25.0,60.0
377.0,89.0,25.0,60.0
373.0,88.0,25.0,60.0
373.0,88.0,25.0,60.0
374.0,88.0,25.0,60.0
